     STA01  34.069537 -105.915089   0.000000
     STA02  34.065596 -105.390519   0.000000
     STA03  33.970923 -105.100638   0.000000
     STA04  34.041947 -104.388473   0.000000
     STA05  33.911287 -103.964290   0.000000
     STA06  34.555591 -106.108582   0.000000
     STA07  34.373690 -105.559760   0.000000
     STA08  34.439815 -104.987352   0.000000
     STA09  34.377559 -104.376566   0.000000
     STA10  34.391308 -103.874575   0.000000
     STA11  35.087268 -106.092375   0.000000
     STA12  35.052564 -105.373036   0.000000
     STA13  34.950654 -104.876658   0.000000
     STA14  35.121468 -104.503946   0.000000
     STA15  34.874395 -103.918985   0.000000
     STA16  35.483473 -106.096618   0.000000
     STA17  35.468045 -105.521109   0.000000
     STA18  35.571635 -104.887836   0.000000
     STA19  35.579644 -104.421163   0.000000
     STA20  35.415519 -103.876031   0.000000
     STA21  35.997238 -105.957982   0.000000
     STA22  35.985319 -105.625263   0.000000
     STA23  36.039475 -104.905806   0.000000
     STA24  36.056486 -104.382910   0.000000
     STA25  36.068714 -103.951778   0.000000
